f =  0.52727 +/- 0.021516 L(0 - 1) 
m =  0.033901 +/- 0.054520 L(-10 - 10) 
p0 =  0.0069868 +/- 0.0082025 L(0 - 1) 
s =  0.99523 +/- 0.053043 L(-10 - 10) 
