
Processing runcomplexTree.C...

Entry 1

Setting BObject
Adding 0.00 to vectorFloat
Adding 0 to vectorB
Adding 0 to vectorStarB
Adding 0 to vectorBStar
Adding 1.00 to vectorFloat
Adding 1 to vectorB
Adding 2 to vectorStarB
Adding 2 to vectorBStar
Adding 2.00 to vectorFloat
Adding 2 to vectorB
Adding 4 to vectorStarB
Adding 4 to vectorBStar
Adding 3.00 to vectorFloat
Adding 3 to vectorB
Adding 6 to vectorStarB
Adding 6 to vectorBStar
Adding 4.00 to vectorFloat
Adding 4 to vectorB
Adding 8 to vectorStarB
Adding 8 to vectorBStar
Adding 5.00 to vectorFloat
Adding 5 to vectorB
Adding 10 to vectorStarB
Adding 10 to vectorBStar
Adding 6.00 to vectorFloat
Adding 6 to vectorB
Adding 12 to vectorStarB
Adding 12 to vectorBStar
Adding 7.00 to vectorFloat
Adding 7 to vectorB
Adding 14 to vectorStarB
Adding 14 to vectorBStar
Adding 8.00 to vectorFloat
Adding 8 to vectorB
Adding 16 to vectorStarB
Adding 16 to vectorBStar
Adding 9.00 to vectorFloat
Adding 9 to vectorB
Adding 18 to vectorStarB
Adding 18 to vectorBStar
Setting BStar
Filling BArray
Filling BStarArray
Filling BClonesArray
Filling leaflist
Filling tree
Entry created

Entry 2

Setting BObject
Adding 0.00 to vectorFloat
Adding 0 to vectorB
Adding 0 to vectorStarB
Adding 0 to vectorBStar
Adding 2.00 to vectorFloat
Adding 2 to vectorB
Adding 4 to vectorStarB
Adding 4 to vectorBStar
Adding 4.00 to vectorFloat
Adding 4 to vectorB
Adding 8 to vectorStarB
Adding 8 to vectorBStar
Adding 6.00 to vectorFloat
Adding 6 to vectorB
Adding 12 to vectorStarB
Adding 12 to vectorBStar
Adding 8.00 to vectorFloat
Adding 8 to vectorB
Adding 16 to vectorStarB
Adding 16 to vectorBStar
Adding 10.00 to vectorFloat
Adding 10 to vectorB
Adding 20 to vectorStarB
Adding 20 to vectorBStar
Adding 12.00 to vectorFloat
Adding 12 to vectorB
Adding 24 to vectorStarB
Adding 24 to vectorBStar
Adding 14.00 to vectorFloat
Adding 14 to vectorB
Adding 28 to vectorStarB
Adding 28 to vectorBStar
Adding 16.00 to vectorFloat
Adding 16 to vectorB
Adding 32 to vectorStarB
Adding 32 to vectorBStar
Adding 18.00 to vectorFloat
Adding 18 to vectorB
Adding 36 to vectorStarB
Adding 36 to vectorBStar
Setting BStar
Filling BArray
Filling BStarArray
Filling BClonesArray
Filling leaflist
Filling tree
Entry created

Entry 3

Setting BObject
Adding 0.00 to vectorFloat
Adding 0 to vectorB
Adding 0 to vectorStarB
Adding 0 to vectorBStar
Adding 3.00 to vectorFloat
Adding 3 to vectorB
Adding 6 to vectorStarB
Adding 6 to vectorBStar
Adding 6.00 to vectorFloat
Adding 6 to vectorB
Adding 12 to vectorStarB
Adding 12 to vectorBStar
Adding 9.00 to vectorFloat
Adding 9 to vectorB
Adding 18 to vectorStarB
Adding 18 to vectorBStar
Adding 12.00 to vectorFloat
Adding 12 to vectorB
Adding 24 to vectorStarB
Adding 24 to vectorBStar
Adding 15.00 to vectorFloat
Adding 15 to vectorB
Adding 30 to vectorStarB
Adding 30 to vectorBStar
Adding 18.00 to vectorFloat
Adding 18 to vectorB
Adding 36 to vectorStarB
Adding 36 to vectorBStar
Adding 21.00 to vectorFloat
Adding 21 to vectorB
Adding 42 to vectorStarB
Adding 42 to vectorBStar
Adding 24.00 to vectorFloat
Adding 24 to vectorB
Adding 48 to vectorStarB
Adding 48 to vectorBStar
Adding 27.00 to vectorFloat
Adding 27 to vectorB
Adding 54 to vectorStarB
Adding 54 to vectorBStar
Setting BStar
Filling BArray
Filling BStarArray
Filling BClonesArray
Filling leaflist
Filling tree
Entry created

Entry 4

Setting BObject
Adding 0.00 to vectorFloat
Adding 0 to vectorB
Adding 0 to vectorStarB
Adding 0 to vectorBStar
Adding 4.00 to vectorFloat
Adding 4 to vectorB
Adding 8 to vectorStarB
Adding 8 to vectorBStar
Adding 8.00 to vectorFloat
Adding 8 to vectorB
Adding 16 to vectorStarB
Adding 16 to vectorBStar
Adding 12.00 to vectorFloat
Adding 12 to vectorB
Adding 24 to vectorStarB
Adding 24 to vectorBStar
Adding 16.00 to vectorFloat
Adding 16 to vectorB
Adding 32 to vectorStarB
Adding 32 to vectorBStar
Adding 20.00 to vectorFloat
Adding 20 to vectorB
Adding 40 to vectorStarB
Adding 40 to vectorBStar
Adding 24.00 to vectorFloat
Adding 24 to vectorB
Adding 48 to vectorStarB
Adding 48 to vectorBStar
Adding 28.00 to vectorFloat
Adding 28 to vectorB
Adding 56 to vectorStarB
Adding 56 to vectorBStar
Adding 32.00 to vectorFloat
Adding 32 to vectorB
Adding 64 to vectorStarB
Adding 64 to vectorBStar
Adding 36.00 to vectorFloat
Adding 36 to vectorB
Adding 72 to vectorStarB
Adding 72 to vectorBStar
Setting BStar
Filling BArray
Filling BStarArray
Filling BClonesArray
Filling leaflist
Filling tree
Entry created

Entry 5

Setting BObject
Adding 0.00 to vectorFloat
Adding 0 to vectorB
Adding 0 to vectorStarB
Adding 0 to vectorBStar
Adding 5.00 to vectorFloat
Adding 5 to vectorB
Adding 10 to vectorStarB
Adding 10 to vectorBStar
Adding 10.00 to vectorFloat
Adding 10 to vectorB
Adding 20 to vectorStarB
Adding 20 to vectorBStar
Adding 15.00 to vectorFloat
Adding 15 to vectorB
Adding 30 to vectorStarB
Adding 30 to vectorBStar
Adding 20.00 to vectorFloat
Adding 20 to vectorB
Adding 40 to vectorStarB
Adding 40 to vectorBStar
Adding 25.00 to vectorFloat
Adding 25 to vectorB
Adding 50 to vectorStarB
Adding 50 to vectorBStar
Adding 30.00 to vectorFloat
Adding 30 to vectorB
Adding 60 to vectorStarB
Adding 60 to vectorBStar
Adding 35.00 to vectorFloat
Adding 35 to vectorB
Adding 70 to vectorStarB
Adding 70 to vectorBStar
Adding 40.00 to vectorFloat
Adding 40 to vectorB
Adding 80 to vectorStarB
Adding 80 to vectorBStar
Adding 45.00 to vectorFloat
Adding 45 to vectorB
Adding 90 to vectorStarB
Adding 90 to vectorBStar
Setting BStar
Filling BArray
Filling BStarArray
Filling BClonesArray
Filling leaflist
Filling tree
Entry created

Entry 6

Setting BObject
Adding 0.00 to vectorFloat
Adding 0 to vectorB
Adding 0 to vectorStarB
Adding 0 to vectorBStar
Adding 6.00 to vectorFloat
Adding 6 to vectorB
Adding 12 to vectorStarB
Adding 12 to vectorBStar
Adding 12.00 to vectorFloat
Adding 12 to vectorB
Adding 24 to vectorStarB
Adding 24 to vectorBStar
Adding 18.00 to vectorFloat
Adding 18 to vectorB
Adding 36 to vectorStarB
Adding 36 to vectorBStar
Adding 24.00 to vectorFloat
Adding 24 to vectorB
Adding 48 to vectorStarB
Adding 48 to vectorBStar
Adding 30.00 to vectorFloat
Adding 30 to vectorB
Adding 60 to vectorStarB
Adding 60 to vectorBStar
Adding 36.00 to vectorFloat
Adding 36 to vectorB
Adding 72 to vectorStarB
Adding 72 to vectorBStar
Adding 42.00 to vectorFloat
Adding 42 to vectorB
Adding 84 to vectorStarB
Adding 84 to vectorBStar
Adding 48.00 to vectorFloat
Adding 48 to vectorB
Adding 96 to vectorStarB
Adding 96 to vectorBStar
Adding 54.00 to vectorFloat
Adding 54 to vectorB
Adding 108 to vectorStarB
Adding 108 to vectorBStar
Setting BStar
Filling BArray
Filling BStarArray
Filling BClonesArray
Filling leaflist
Filling tree
Entry created

Entry 7

Setting BObject
Adding 0.00 to vectorFloat
Adding 0 to vectorB
Adding 0 to vectorStarB
Adding 0 to vectorBStar
Adding 7.00 to vectorFloat
Adding 7 to vectorB
Adding 14 to vectorStarB
Adding 14 to vectorBStar
Adding 14.00 to vectorFloat
Adding 14 to vectorB
Adding 28 to vectorStarB
Adding 28 to vectorBStar
Adding 21.00 to vectorFloat
Adding 21 to vectorB
Adding 42 to vectorStarB
Adding 42 to vectorBStar
Adding 28.00 to vectorFloat
Adding 28 to vectorB
Adding 56 to vectorStarB
Adding 56 to vectorBStar
Adding 35.00 to vectorFloat
Adding 35 to vectorB
Adding 70 to vectorStarB
Adding 70 to vectorBStar
Adding 42.00 to vectorFloat
Adding 42 to vectorB
Adding 84 to vectorStarB
Adding 84 to vectorBStar
Adding 49.00 to vectorFloat
Adding 49 to vectorB
Adding 98 to vectorStarB
Adding 98 to vectorBStar
Adding 56.00 to vectorFloat
Adding 56 to vectorB
Adding 112 to vectorStarB
Adding 112 to vectorBStar
Adding 63.00 to vectorFloat
Adding 63 to vectorB
Adding 126 to vectorStarB
Adding 126 to vectorBStar
Setting BStar
Filling BArray
Filling BStarArray
Filling BClonesArray
Filling leaflist
Filling tree
Entry created

Entry 8

Setting BObject
Adding 0.00 to vectorFloat
Adding 0 to vectorB
Adding 0 to vectorStarB
Adding 0 to vectorBStar
Adding 8.00 to vectorFloat
Adding 8 to vectorB
Adding 16 to vectorStarB
Adding 16 to vectorBStar
Adding 16.00 to vectorFloat
Adding 16 to vectorB
Adding 32 to vectorStarB
Adding 32 to vectorBStar
Adding 24.00 to vectorFloat
Adding 24 to vectorB
Adding 48 to vectorStarB
Adding 48 to vectorBStar
Adding 32.00 to vectorFloat
Adding 32 to vectorB
Adding 64 to vectorStarB
Adding 64 to vectorBStar
Adding 40.00 to vectorFloat
Adding 40 to vectorB
Adding 80 to vectorStarB
Adding 80 to vectorBStar
Adding 48.00 to vectorFloat
Adding 48 to vectorB
Adding 96 to vectorStarB
Adding 96 to vectorBStar
Adding 56.00 to vectorFloat
Adding 56 to vectorB
Adding 112 to vectorStarB
Adding 112 to vectorBStar
Adding 64.00 to vectorFloat
Adding 64 to vectorB
Adding 128 to vectorStarB
Adding 128 to vectorBStar
Adding 72.00 to vectorFloat
Adding 72 to vectorB
Adding 144 to vectorStarB
Adding 144 to vectorBStar
Setting BStar
Filling BArray
Filling BStarArray
Filling BClonesArray
Filling leaflist
Filling tree
Entry created

Entry 9

Setting BObject
Adding 0.00 to vectorFloat
Adding 0 to vectorB
Adding 0 to vectorStarB
Adding 0 to vectorBStar
Adding 9.00 to vectorFloat
Adding 9 to vectorB
Adding 18 to vectorStarB
Adding 18 to vectorBStar
Adding 18.00 to vectorFloat
Adding 18 to vectorB
Adding 36 to vectorStarB
Adding 36 to vectorBStar
Adding 27.00 to vectorFloat
Adding 27 to vectorB
Adding 54 to vectorStarB
Adding 54 to vectorBStar
Adding 36.00 to vectorFloat
Adding 36 to vectorB
Adding 72 to vectorStarB
Adding 72 to vectorBStar
Adding 45.00 to vectorFloat
Adding 45 to vectorB
Adding 90 to vectorStarB
Adding 90 to vectorBStar
Adding 54.00 to vectorFloat
Adding 54 to vectorB
Adding 108 to vectorStarB
Adding 108 to vectorBStar
Adding 63.00 to vectorFloat
Adding 63 to vectorB
Adding 126 to vectorStarB
Adding 126 to vectorBStar
Adding 72.00 to vectorFloat
Adding 72 to vectorB
Adding 144 to vectorStarB
Adding 144 to vectorBStar
Adding 81.00 to vectorFloat
Adding 81 to vectorB
Adding 162 to vectorStarB
Adding 162 to vectorBStar
Setting BStar
Filling BArray
Filling BStarArray
Filling BClonesArray
Filling leaflist
Filling tree
Entry created

Entry 10

Setting BObject
Adding 0.00 to vectorFloat
Adding 0 to vectorB
Adding 0 to vectorStarB
Adding 0 to vectorBStar
Adding 10.00 to vectorFloat
Adding 10 to vectorB
Adding 20 to vectorStarB
Adding 20 to vectorBStar
Adding 20.00 to vectorFloat
Adding 20 to vectorB
Adding 40 to vectorStarB
Adding 40 to vectorBStar
Adding 30.00 to vectorFloat
Adding 30 to vectorB
Adding 60 to vectorStarB
Adding 60 to vectorBStar
Adding 40.00 to vectorFloat
Adding 40 to vectorB
Adding 80 to vectorStarB
Adding 80 to vectorBStar
Adding 50.00 to vectorFloat
Adding 50 to vectorB
Adding 100 to vectorStarB
Adding 100 to vectorBStar
Adding 60.00 to vectorFloat
Adding 60 to vectorB
Adding 120 to vectorStarB
Adding 120 to vectorBStar
Adding 70.00 to vectorFloat
Adding 70 to vectorB
Adding 140 to vectorStarB
Adding 140 to vectorBStar
Adding 80.00 to vectorFloat
Adding 80 to vectorB
Adding 160 to vectorStarB
Adding 160 to vectorBStar
Adding 90.00 to vectorFloat
Adding 90 to vectorB
Adding 180 to vectorStarB
Adding 180 to vectorBStar
Setting BStar
Filling BArray
Filling BStarArray
Filling BClonesArray
Filling leaflist
Filling tree
Entry created
Tree created
A0: readNum(): ----------------------------- 
Num: 14
Num: 14
Num: 14
Num: 14
Num: 14
Num: 14
Num: 14
Num: 14
Num: 14
Num: 14
Success!
A0: readBObject(): ------------------------- 
Dummy: 1
Dummy: 2
Dummy: 3
Dummy: 4
Dummy: 5
Dummy: 6
Dummy: 7
Dummy: 8
Dummy: 9
Dummy: 10
Success!
A0: readBObjectDummy(): -------------------- 
Dummy: 1
Dummy: 2
Dummy: 3
Dummy: 4
Dummy: 5
Dummy: 6
Dummy: 7
Dummy: 8
Dummy: 9
Dummy: 10
Success!
A0: readBStar(): --------------------------- 
Dummy: 2
Dummy: 4
Dummy: 6
Dummy: 8
Dummy: 10
Dummy: 12
Dummy: 14
Dummy: 16
Dummy: 18
Dummy: 20
Success!
A0: readVectorFloatValue(): ---------------- 
vectorFloat values: 0.00 1.00 2.00 3.00 4.00 5.00 6.00 7.00 8.00 9.00
vectorFloat values: 0.00 2.00 4.00 6.00 8.00 10.00 12.00 14.00 16.00 18.00
vectorFloat values: 0.00 3.00 6.00 9.00 12.00 15.00 18.00 21.00 24.00 27.00
vectorFloat values: 0.00 4.00 8.00 12.00 16.00 20.00 24.00 28.00 32.00 36.00
vectorFloat values: 0.00 5.00 10.00 15.00 20.00 25.00 30.00 35.00 40.00 45.00
vectorFloat values: 0.00 6.00 12.00 18.00 24.00 30.00 36.00 42.00 48.00 54.00
vectorFloat values: 0.00 7.00 14.00 21.00 28.00 35.00 42.00 49.00 56.00 63.00
vectorFloat values: 0.00 8.00 16.00 24.00 32.00 40.00 48.00 56.00 64.00 72.00
vectorFloat values: 0.00 9.00 18.00 27.00 36.00 45.00 54.00 63.00 72.00 81.00
vectorFloat values: 0.00 10.00 20.00 30.00 40.00 50.00 60.00 70.00 80.00 90.00
Success!
A0: readVectorBValue(): -------------------- 
vectorB dummies: 0 1 2 3 4 5 6 7 8 9
vectorB dummies: 0 2 4 6 8 10 12 14 16 18
vectorB dummies: 0 3 6 9 12 15 18 21 24 27
vectorB dummies: 0 4 8 12 16 20 24 28 32 36
vectorB dummies: 0 5 10 15 20 25 30 35 40 45
vectorB dummies: 0 6 12 18 24 30 36 42 48 54
vectorB dummies: 0 7 14 21 28 35 42 49 56 63
vectorB dummies: 0 8 16 24 32 40 48 56 64 72
vectorB dummies: 0 9 18 27 36 45 54 63 72 81
vectorB dummies: 0 10 20 30 40 50 60 70 80 90
Success!
A0: readVectorStarBValue(): ---------------- 
vectorB dummies(10): 0 2 4 6 8 10 12 14 16 18
vectorB dummies(10): 0 4 8 12 16 20 24 28 32 36
vectorB dummies(10): 0 6 12 18 24 30 36 42 48 54
vectorB dummies(10): 0 8 16 24 32 40 48 56 64 72
vectorB dummies(10): 0 10 20 30 40 50 60 70 80 90
vectorB dummies(10): 0 12 24 36 48 60 72 84 96 108
vectorB dummies(10): 0 14 28 42 56 70 84 98 112 126
vectorB dummies(10): 0 16 32 48 64 80 96 112 128 144
vectorB dummies(10): 0 18 36 54 72 90 108 126 144 162
vectorB dummies(10): 0 20 40 60 80 100 120 140 160 180
Success!
A0: readVectorStarBArray(): ---------------- 
Error in <TTreeReaderArrayBase::GetBranchAndLeaf()>: The tree does not have a branch called A0.vectorStarB. You could check with TTree::Print() for available branches.
Failure
A0: readVectorFloatArray(): ---------------- 
Error in <TTreeReaderArrayBase::GetBranchAndLeaf()>: The tree does not have a branch called A0.vectorFloat. You could check with TTree::Print() for available branches.
Failure
A0: readVectorBArray(): -------------------- 
Error in <TTreeReaderArrayBase::GetBranchAndLeaf()>: The tree does not have a branch called A0.vectorB. You could check with TTree::Print() for available branches.
Failure
A0: readBArray(): -------------------------- 
Error in <TTreeReaderArrayBase::GetBranchAndLeaf()>: The tree does not have a branch called A0.BArray[12]. You could check with TTree::Print() for available branches.
Failure
A0: readBStarArray(): ---------------------- 
Error in <TTreeReaderArrayBase::GetBranchAndLeaf()>: The tree does not have a branch called A0.BStarArray. You could check with TTree::Print() for available branches.
Failure
A0: readVectorBStarValue(): ---------------- 
vectorBStar dummies(10): 0 3 6 9 12 15 18 21 24 27
vectorBStar dummies(10): 0 6 12 18 24 30 36 42 48 54
vectorBStar dummies(10): 0 9 18 27 36 45 54 63 72 81
vectorBStar dummies(10): 0 12 24 36 48 60 72 84 96 108
vectorBStar dummies(10): 0 15 30 45 60 75 90 105 120 135
vectorBStar dummies(10): 0 18 36 54 72 90 108 126 144 162
vectorBStar dummies(10): 0 21 42 63 84 105 126 147 168 189
vectorBStar dummies(10): 0 24 48 72 96 120 144 168 192 216
vectorBStar dummies(10): 0 27 54 81 108 135 162 189 216 243
vectorBStar dummies(10): 0 30 60 90 120 150 180 210 240 270
Success!
A0: readVectorBStarArray(): ---------------- 
Error in <TTreeReaderArrayBase::GetBranchAndLeaf()>: The tree does not have a branch called A0.vectorBStar. You could check with TTree::Print() for available branches.
Failure
A0: readBClonesArrayValue(): --------------- 
BClonesArray dummies(10): 0 6 12 18 24 30 36 42 48 54
BClonesArray dummies(10): 0 12 24 36 48 60 72 84 96 108
BClonesArray dummies(10): 0 18 36 54 72 90 108 126 144 162
BClonesArray dummies(10): 0 24 48 72 96 120 144 168 192 216
BClonesArray dummies(10): 0 30 60 90 120 150 180 210 240 270
BClonesArray dummies(10): 0 36 72 108 144 180 216 252 288 324
BClonesArray dummies(10): 0 42 84 126 168 210 252 294 336 378
BClonesArray dummies(10): 0 48 96 144 192 240 288 336 384 432
BClonesArray dummies(10): 0 54 108 162 216 270 324 378 432 486
BClonesArray dummies(10): 0 60 120 180 240 300 360 420 480 540
Success!
A0: readBClonesArrayArray(): --------------- 
Error in <TTreeReaderArrayBase::GetBranchAndLeaf()>: The tree does not have a branch called A0.BClonesArray. You could check with TTree::Print() for available branches.
Failure
A0: readVectorBDummyArray(): --------------- 
Error in <TTreeReaderArrayBase::GetBranchAndLeaf()>: The tree does not have a branch called A0.vectorB.dummy. You could check with TTree::Print() for available branches.
Failure
A0: readBClonesArrayDummyArray(): ---------- 
Error in <TTreeReaderArrayBase::GetBranchAndLeaf()>: The tree does not have a branch called A0.BClonesArray.dummy. You could check with TTree::Print() for available branches.
Failure
A1: readNum(): ------------------------------ 
Num: 14
Num: 14
Num: 14
Num: 14
Num: 14
Num: 14
Num: 14
Num: 14
Num: 14
Num: 14
Success!
A1: readBObject(): -------------------------- 
Dummy: 1
Dummy: 2
Dummy: 3
Dummy: 4
Dummy: 5
Dummy: 6
Dummy: 7
Dummy: 8
Dummy: 9
Dummy: 10
Success!
A1: readBStar(): ---------------------------- 
Dummy: 2
Dummy: 4
Dummy: 6
Dummy: 8
Dummy: 10
Dummy: 12
Dummy: 14
Dummy: 16
Dummy: 18
Dummy: 20
Success!
A1: readVectorFloatValue(): ----------------- 
vectorFloat values: 0.00 1.00 2.00 3.00 4.00 5.00 6.00 7.00 8.00 9.00
vectorFloat values: 0.00 2.00 4.00 6.00 8.00 10.00 12.00 14.00 16.00 18.00
vectorFloat values: 0.00 3.00 6.00 9.00 12.00 15.00 18.00 21.00 24.00 27.00
vectorFloat values: 0.00 4.00 8.00 12.00 16.00 20.00 24.00 28.00 32.00 36.00
vectorFloat values: 0.00 5.00 10.00 15.00 20.00 25.00 30.00 35.00 40.00 45.00
vectorFloat values: 0.00 6.00 12.00 18.00 24.00 30.00 36.00 42.00 48.00 54.00
vectorFloat values: 0.00 7.00 14.00 21.00 28.00 35.00 42.00 49.00 56.00 63.00
vectorFloat values: 0.00 8.00 16.00 24.00 32.00 40.00 48.00 56.00 64.00 72.00
vectorFloat values: 0.00 9.00 18.00 27.00 36.00 45.00 54.00 63.00 72.00 81.00
vectorFloat values: 0.00 10.00 20.00 30.00 40.00 50.00 60.00 70.00 80.00 90.00
Success!
A1: readVectorBValue(): --------------------- 
vectorB dummies: 0 1 2 3 4 5 6 7 8 9
vectorB dummies: 0 2 4 6 8 10 12 14 16 18
vectorB dummies: 0 3 6 9 12 15 18 21 24 27
vectorB dummies: 0 4 8 12 16 20 24 28 32 36
vectorB dummies: 0 5 10 15 20 25 30 35 40 45
vectorB dummies: 0 6 12 18 24 30 36 42 48 54
vectorB dummies: 0 7 14 21 28 35 42 49 56 63
vectorB dummies: 0 8 16 24 32 40 48 56 64 72
vectorB dummies: 0 9 18 27 36 45 54 63 72 81
vectorB dummies: 0 10 20 30 40 50 60 70 80 90
Success!
A1: readVectorStarBValue(): ----------------- 
vectorB dummies(10): 0 2 4 6 8 10 12 14 16 18
vectorB dummies(10): 0 4 8 12 16 20 24 28 32 36
vectorB dummies(10): 0 6 12 18 24 30 36 42 48 54
vectorB dummies(10): 0 8 16 24 32 40 48 56 64 72
vectorB dummies(10): 0 10 20 30 40 50 60 70 80 90
vectorB dummies(10): 0 12 24 36 48 60 72 84 96 108
vectorB dummies(10): 0 14 28 42 56 70 84 98 112 126
vectorB dummies(10): 0 16 32 48 64 80 96 112 128 144
vectorB dummies(10): 0 18 36 54 72 90 108 126 144 162
vectorB dummies(10): 0 20 40 60 80 100 120 140 160 180
Success!
A1: readVectorStarBArray(): ----------------- 
vectorB dummies(10): 0 2 4 6 8 10 12 14 16 18
vectorB dummies(10): 0 4 8 12 16 20 24 28 32 36
vectorB dummies(10): 0 6 12 18 24 30 36 42 48 54
vectorB dummies(10): 0 8 16 24 32 40 48 56 64 72
vectorB dummies(10): 0 10 20 30 40 50 60 70 80 90
vectorB dummies(10): 0 12 24 36 48 60 72 84 96 108
vectorB dummies(10): 0 14 28 42 56 70 84 98 112 126
vectorB dummies(10): 0 16 32 48 64 80 96 112 128 144
vectorB dummies(10): 0 18 36 54 72 90 108 126 144 162
vectorB dummies(10): 0 20 40 60 80 100 120 140 160 180
Success!
A1: readVectorFloatArray(): ----------------- 
vectorFloat values(10): 0.00 1.00 2.00 3.00 4.00 5.00 6.00 7.00 8.00 9.00
vectorFloat values(10): 0.00 2.00 4.00 6.00 8.00 10.00 12.00 14.00 16.00 18.00
vectorFloat values(10): 0.00 3.00 6.00 9.00 12.00 15.00 18.00 21.00 24.00 27.00
vectorFloat values(10): 0.00 4.00 8.00 12.00 16.00 20.00 24.00 28.00 32.00 36.00
vectorFloat values(10): 0.00 5.00 10.00 15.00 20.00 25.00 30.00 35.00 40.00 45.00
vectorFloat values(10): 0.00 6.00 12.00 18.00 24.00 30.00 36.00 42.00 48.00 54.00
vectorFloat values(10): 0.00 7.00 14.00 21.00 28.00 35.00 42.00 49.00 56.00 63.00
vectorFloat values(10): 0.00 8.00 16.00 24.00 32.00 40.00 48.00 56.00 64.00 72.00
vectorFloat values(10): 0.00 9.00 18.00 27.00 36.00 45.00 54.00 63.00 72.00 81.00
vectorFloat values(10): 0.00 10.00 20.00 30.00 40.00 50.00 60.00 70.00 80.00 90.00
Success!
A1: readVectorBArray(): --------------------- 
vectorB dummies(10): 0 1 2 3 4 5 6 7 8 9
vectorB dummies(10): 0 2 4 6 8 10 12 14 16 18
vectorB dummies(10): 0 3 6 9 12 15 18 21 24 27
vectorB dummies(10): 0 4 8 12 16 20 24 28 32 36
vectorB dummies(10): 0 5 10 15 20 25 30 35 40 45
vectorB dummies(10): 0 6 12 18 24 30 36 42 48 54
vectorB dummies(10): 0 7 14 21 28 35 42 49 56 63
vectorB dummies(10): 0 8 16 24 32 40 48 56 64 72
vectorB dummies(10): 0 9 18 27 36 45 54 63 72 81
vectorB dummies(10): 0 10 20 30 40 50 60 70 80 90
Success!
A1: readBArray(): --------------------------- 
BArray dummies(12): 0 4 8 12 16 20 24 28 32 36
BArray dummies(12): 0 8 16 24 32 40 48 56 64 72
BArray dummies(12): 0 12 24 36 48 60 72 84 96 108
BArray dummies(12): 0 16 32 48 64 80 96 112 128 144
BArray dummies(12): 0 20 40 60 80 100 120 140 160 180
BArray dummies(12): 0 24 48 72 96 120 144 168 192 216
BArray dummies(12): 0 28 56 84 112 140 168 196 224 252
BArray dummies(12): 0 32 64 96 128 160 192 224 256 288
BArray dummies(12): 0 36 72 108 144 180 216 252 288 324
BArray dummies(12): 0 40 80 120 160 200 240 280 320 360
Success!
A1: readBStarArray(): ----------------------- 
BStarArray dummies(14): 0 5 10 15 20 25 30 35 40 45 50 55 60 65
BStarArray dummies(14): 0 10 20 30 40 50 60 70 80 90 100 110 120 130
BStarArray dummies(14): 0 15 30 45 60 75 90 105 120 135 150 165 180 195
BStarArray dummies(14): 0 20 40 60 80 100 120 140 160 180 200 220 240 260
BStarArray dummies(14): 0 25 50 75 100 125 150 175 200 225 250 275 300 325
BStarArray dummies(14): 0 30 60 90 120 150 180 210 240 270 300 330 360 390
BStarArray dummies(14): 0 35 70 105 140 175 210 245 280 315 350 385 420 455
BStarArray dummies(14): 0 40 80 120 160 200 240 280 320 360 400 440 480 520
BStarArray dummies(14): 0 45 90 135 180 225 270 315 360 405 450 495 540 585
BStarArray dummies(14): 0 50 100 150 200 250 300 350 400 450 500 550 600 650
Success!
A1: readVectorBStarValue(): ----------------- 
vectorBStar dummies(10): 0 3 6 9 12 15 18 21 24 27
vectorBStar dummies(10): 0 6 12 18 24 30 36 42 48 54
vectorBStar dummies(10): 0 9 18 27 36 45 54 63 72 81
vectorBStar dummies(10): 0 12 24 36 48 60 72 84 96 108
vectorBStar dummies(10): 0 15 30 45 60 75 90 105 120 135
vectorBStar dummies(10): 0 18 36 54 72 90 108 126 144 162
vectorBStar dummies(10): 0 21 42 63 84 105 126 147 168 189
vectorBStar dummies(10): 0 24 48 72 96 120 144 168 192 216
vectorBStar dummies(10): 0 27 54 81 108 135 162 189 216 243
vectorBStar dummies(10): 0 30 60 90 120 150 180 210 240 270
Success!
A1: readVectorBStarArray(): ----------------- 
vectorBStar dummies(10): 0 3 6 9 12 15 18 21 24 27
vectorBStar dummies(10): 0 6 12 18 24 30 36 42 48 54
vectorBStar dummies(10): 0 9 18 27 36 45 54 63 72 81
vectorBStar dummies(10): 0 12 24 36 48 60 72 84 96 108
vectorBStar dummies(10): 0 15 30 45 60 75 90 105 120 135
vectorBStar dummies(10): 0 18 36 54 72 90 108 126 144 162
vectorBStar dummies(10): 0 21 42 63 84 105 126 147 168 189
vectorBStar dummies(10): 0 24 48 72 96 120 144 168 192 216
vectorBStar dummies(10): 0 27 54 81 108 135 162 189 216 243
vectorBStar dummies(10): 0 30 60 90 120 150 180 210 240 270
Success!
A1: readBClonesArrayValue(): ---------------- 
BClonesArray dummies(10): 0 6 12 18 24 30 36 42 48 54
BClonesArray dummies(10): 0 12 24 36 48 60 72 84 96 108
BClonesArray dummies(10): 0 18 36 54 72 90 108 126 144 162
BClonesArray dummies(10): 0 24 48 72 96 120 144 168 192 216
BClonesArray dummies(10): 0 30 60 90 120 150 180 210 240 270
BClonesArray dummies(10): 0 36 72 108 144 180 216 252 288 324
BClonesArray dummies(10): 0 42 84 126 168 210 252 294 336 378
BClonesArray dummies(10): 0 48 96 144 192 240 288 336 384 432
BClonesArray dummies(10): 0 54 108 162 216 270 324 378 432 486
BClonesArray dummies(10): 0 60 120 180 240 300 360 420 480 540
Success!
A1: readBClonesArrayArray(): ---------------- 
BClonesArray dummies(10): 0 6 12 18 24 30 36 42 48 54
BClonesArray dummies(10): 0 12 24 36 48 60 72 84 96 108
BClonesArray dummies(10): 0 18 36 54 72 90 108 126 144 162
BClonesArray dummies(10): 0 24 48 72 96 120 144 168 192 216
BClonesArray dummies(10): 0 30 60 90 120 150 180 210 240 270
BClonesArray dummies(10): 0 36 72 108 144 180 216 252 288 324
BClonesArray dummies(10): 0 42 84 126 168 210 252 294 336 378
BClonesArray dummies(10): 0 48 96 144 192 240 288 336 384 432
BClonesArray dummies(10): 0 54 108 162 216 270 324 378 432 486
BClonesArray dummies(10): 0 60 120 180 240 300 360 420 480 540
Success!
A99: readNum(): ----------------------------- 
Num: 14
Num: 14
Num: 14
Num: 14
Num: 14
Num: 14
Num: 14
Num: 14
Num: 14
Num: 14
Success!
A99: readBObject(): ------------------------- 
Dummy: 1
Dummy: 2
Dummy: 3
Dummy: 4
Dummy: 5
Dummy: 6
Dummy: 7
Dummy: 8
Dummy: 9
Dummy: 10
Success!
A99: readBObjectDummy(): -------------------- 
Dummy: 1
Dummy: 2
Dummy: 3
Dummy: 4
Dummy: 5
Dummy: 6
Dummy: 7
Dummy: 8
Dummy: 9
Dummy: 10
Success!
A99: readBStar(): --------------------------- 
Dummy: 2
Dummy: 4
Dummy: 6
Dummy: 8
Dummy: 10
Dummy: 12
Dummy: 14
Dummy: 16
Dummy: 18
Dummy: 20
Success!
A99: readVectorFloatValue(): ---------------- 
vectorFloat values: 0.00 1.00 2.00 3.00 4.00 5.00 6.00 7.00 8.00 9.00
vectorFloat values: 0.00 2.00 4.00 6.00 8.00 10.00 12.00 14.00 16.00 18.00
vectorFloat values: 0.00 3.00 6.00 9.00 12.00 15.00 18.00 21.00 24.00 27.00
vectorFloat values: 0.00 4.00 8.00 12.00 16.00 20.00 24.00 28.00 32.00 36.00
vectorFloat values: 0.00 5.00 10.00 15.00 20.00 25.00 30.00 35.00 40.00 45.00
vectorFloat values: 0.00 6.00 12.00 18.00 24.00 30.00 36.00 42.00 48.00 54.00
vectorFloat values: 0.00 7.00 14.00 21.00 28.00 35.00 42.00 49.00 56.00 63.00
vectorFloat values: 0.00 8.00 16.00 24.00 32.00 40.00 48.00 56.00 64.00 72.00
vectorFloat values: 0.00 9.00 18.00 27.00 36.00 45.00 54.00 63.00 72.00 81.00
vectorFloat values: 0.00 10.00 20.00 30.00 40.00 50.00 60.00 70.00 80.00 90.00
Success!
A99: readVectorBValue(): -------------------- 
vectorB dummies: 0 1 2 3 4 5 6 7 8 9
vectorB dummies: 0 2 4 6 8 10 12 14 16 18
vectorB dummies: 0 3 6 9 12 15 18 21 24 27
vectorB dummies: 0 4 8 12 16 20 24 28 32 36
vectorB dummies: 0 5 10 15 20 25 30 35 40 45
vectorB dummies: 0 6 12 18 24 30 36 42 48 54
vectorB dummies: 0 7 14 21 28 35 42 49 56 63
vectorB dummies: 0 8 16 24 32 40 48 56 64 72
vectorB dummies: 0 9 18 27 36 45 54 63 72 81
vectorB dummies: 0 10 20 30 40 50 60 70 80 90
Success!
A99: readVectorStarBValue(): ---------------- 
vectorB dummies(10): 0 2 4 6 8 10 12 14 16 18
vectorB dummies(10): 0 4 8 12 16 20 24 28 32 36
vectorB dummies(10): 0 6 12 18 24 30 36 42 48 54
vectorB dummies(10): 0 8 16 24 32 40 48 56 64 72
vectorB dummies(10): 0 10 20 30 40 50 60 70 80 90
vectorB dummies(10): 0 12 24 36 48 60 72 84 96 108
vectorB dummies(10): 0 14 28 42 56 70 84 98 112 126
vectorB dummies(10): 0 16 32 48 64 80 96 112 128 144
vectorB dummies(10): 0 18 36 54 72 90 108 126 144 162
vectorB dummies(10): 0 20 40 60 80 100 120 140 160 180
Success!
A99: readVectorStarBArray(): ---------------- 
vectorB dummies(10): 0 2 4 6 8 10 12 14 16 18
vectorB dummies(10): 0 4 8 12 16 20 24 28 32 36
vectorB dummies(10): 0 6 12 18 24 30 36 42 48 54
vectorB dummies(10): 0 8 16 24 32 40 48 56 64 72
vectorB dummies(10): 0 10 20 30 40 50 60 70 80 90
vectorB dummies(10): 0 12 24 36 48 60 72 84 96 108
vectorB dummies(10): 0 14 28 42 56 70 84 98 112 126
vectorB dummies(10): 0 16 32 48 64 80 96 112 128 144
vectorB dummies(10): 0 18 36 54 72 90 108 126 144 162
vectorB dummies(10): 0 20 40 60 80 100 120 140 160 180
Success!
A99: readVectorFloatArray(): ---------------- 
vectorFloat values(10): 0.00 1.00 2.00 3.00 4.00 5.00 6.00 7.00 8.00 9.00
vectorFloat values(10): 0.00 2.00 4.00 6.00 8.00 10.00 12.00 14.00 16.00 18.00
vectorFloat values(10): 0.00 3.00 6.00 9.00 12.00 15.00 18.00 21.00 24.00 27.00
vectorFloat values(10): 0.00 4.00 8.00 12.00 16.00 20.00 24.00 28.00 32.00 36.00
vectorFloat values(10): 0.00 5.00 10.00 15.00 20.00 25.00 30.00 35.00 40.00 45.00
vectorFloat values(10): 0.00 6.00 12.00 18.00 24.00 30.00 36.00 42.00 48.00 54.00
vectorFloat values(10): 0.00 7.00 14.00 21.00 28.00 35.00 42.00 49.00 56.00 63.00
vectorFloat values(10): 0.00 8.00 16.00 24.00 32.00 40.00 48.00 56.00 64.00 72.00
vectorFloat values(10): 0.00 9.00 18.00 27.00 36.00 45.00 54.00 63.00 72.00 81.00
vectorFloat values(10): 0.00 10.00 20.00 30.00 40.00 50.00 60.00 70.00 80.00 90.00
Success!
A99: readVectorBArray(): -------------------- 
vectorB dummies(10): 0 1 2 3 4 5 6 7 8 9
vectorB dummies(10): 0 2 4 6 8 10 12 14 16 18
vectorB dummies(10): 0 3 6 9 12 15 18 21 24 27
vectorB dummies(10): 0 4 8 12 16 20 24 28 32 36
vectorB dummies(10): 0 5 10 15 20 25 30 35 40 45
vectorB dummies(10): 0 6 12 18 24 30 36 42 48 54
vectorB dummies(10): 0 7 14 21 28 35 42 49 56 63
vectorB dummies(10): 0 8 16 24 32 40 48 56 64 72
vectorB dummies(10): 0 9 18 27 36 45 54 63 72 81
vectorB dummies(10): 0 10 20 30 40 50 60 70 80 90
Success!
A99: readBArray(): -------------------------- 
BArray dummies(12): 0 4 8 12 16 20 24 28 32 36
BArray dummies(12): 0 8 16 24 32 40 48 56 64 72
BArray dummies(12): 0 12 24 36 48 60 72 84 96 108
BArray dummies(12): 0 16 32 48 64 80 96 112 128 144
BArray dummies(12): 0 20 40 60 80 100 120 140 160 180
BArray dummies(12): 0 24 48 72 96 120 144 168 192 216
BArray dummies(12): 0 28 56 84 112 140 168 196 224 252
BArray dummies(12): 0 32 64 96 128 160 192 224 256 288
BArray dummies(12): 0 36 72 108 144 180 216 252 288 324
BArray dummies(12): 0 40 80 120 160 200 240 280 320 360
Success!
A99: readBStarArray(): ---------------------- 
BStarArray dummies(14): 0 5 10 15 20 25 30 35 40 45 50 55 60 65
BStarArray dummies(14): 0 10 20 30 40 50 60 70 80 90 100 110 120 130
BStarArray dummies(14): 0 15 30 45 60 75 90 105 120 135 150 165 180 195
BStarArray dummies(14): 0 20 40 60 80 100 120 140 160 180 200 220 240 260
BStarArray dummies(14): 0 25 50 75 100 125 150 175 200 225 250 275 300 325
BStarArray dummies(14): 0 30 60 90 120 150 180 210 240 270 300 330 360 390
BStarArray dummies(14): 0 35 70 105 140 175 210 245 280 315 350 385 420 455
BStarArray dummies(14): 0 40 80 120 160 200 240 280 320 360 400 440 480 520
BStarArray dummies(14): 0 45 90 135 180 225 270 315 360 405 450 495 540 585
BStarArray dummies(14): 0 50 100 150 200 250 300 350 400 450 500 550 600 650
Success!
A99: readVectorBStarValue(): ---------------- 
vectorBStar dummies(10): 0 3 6 9 12 15 18 21 24 27
vectorBStar dummies(10): 0 6 12 18 24 30 36 42 48 54
vectorBStar dummies(10): 0 9 18 27 36 45 54 63 72 81
vectorBStar dummies(10): 0 12 24 36 48 60 72 84 96 108
vectorBStar dummies(10): 0 15 30 45 60 75 90 105 120 135
vectorBStar dummies(10): 0 18 36 54 72 90 108 126 144 162
vectorBStar dummies(10): 0 21 42 63 84 105 126 147 168 189
vectorBStar dummies(10): 0 24 48 72 96 120 144 168 192 216
vectorBStar dummies(10): 0 27 54 81 108 135 162 189 216 243
vectorBStar dummies(10): 0 30 60 90 120 150 180 210 240 270
Success!
A99: readVectorBStarArray(): ---------------- 
vectorBStar dummies(10): 0 3 6 9 12 15 18 21 24 27
vectorBStar dummies(10): 0 6 12 18 24 30 36 42 48 54
vectorBStar dummies(10): 0 9 18 27 36 45 54 63 72 81
vectorBStar dummies(10): 0 12 24 36 48 60 72 84 96 108
vectorBStar dummies(10): 0 15 30 45 60 75 90 105 120 135
vectorBStar dummies(10): 0 18 36 54 72 90 108 126 144 162
vectorBStar dummies(10): 0 21 42 63 84 105 126 147 168 189
vectorBStar dummies(10): 0 24 48 72 96 120 144 168 192 216
vectorBStar dummies(10): 0 27 54 81 108 135 162 189 216 243
vectorBStar dummies(10): 0 30 60 90 120 150 180 210 240 270
Success!
A99: readBClonesArrayValue(): --------------- 
BClonesArray dummies(10): 0 6 12 18 24 30 36 42 48 54
BClonesArray dummies(10): 0 12 24 36 48 60 72 84 96 108
BClonesArray dummies(10): 0 18 36 54 72 90 108 126 144 162
BClonesArray dummies(10): 0 24 48 72 96 120 144 168 192 216
BClonesArray dummies(10): 0 30 60 90 120 150 180 210 240 270
BClonesArray dummies(10): 0 36 72 108 144 180 216 252 288 324
BClonesArray dummies(10): 0 42 84 126 168 210 252 294 336 378
BClonesArray dummies(10): 0 48 96 144 192 240 288 336 384 432
BClonesArray dummies(10): 0 54 108 162 216 270 324 378 432 486
BClonesArray dummies(10): 0 60 120 180 240 300 360 420 480 540
Success!
A99: readBClonesArrayArray(): --------------- 
BClonesArray dummies(10): 0 6 12 18 24 30 36 42 48 54
BClonesArray dummies(10): 0 12 24 36 48 60 72 84 96 108
BClonesArray dummies(10): 0 18 36 54 72 90 108 126 144 162
BClonesArray dummies(10): 0 24 48 72 96 120 144 168 192 216
BClonesArray dummies(10): 0 30 60 90 120 150 180 210 240 270
BClonesArray dummies(10): 0 36 72 108 144 180 216 252 288 324
BClonesArray dummies(10): 0 42 84 126 168 210 252 294 336 378
BClonesArray dummies(10): 0 48 96 144 192 240 288 336 384 432
BClonesArray dummies(10): 0 54 108 162 216 270 324 378 432 486
BClonesArray dummies(10): 0 60 120 180 240 300 360 420 480 540
Success!
A99: readVectorBDummyArray(): --------------- 
vectorB.dummies(10): 0 1 2 3 4 5 6 7 8 9
vectorB.dummies(10): 0 2 4 6 8 10 12 14 16 18
vectorB.dummies(10): 0 3 6 9 12 15 18 21 24 27
vectorB.dummies(10): 0 4 8 12 16 20 24 28 32 36
vectorB.dummies(10): 0 5 10 15 20 25 30 35 40 45
vectorB.dummies(10): 0 6 12 18 24 30 36 42 48 54
vectorB.dummies(10): 0 7 14 21 28 35 42 49 56 63
vectorB.dummies(10): 0 8 16 24 32 40 48 56 64 72
vectorB.dummies(10): 0 9 18 27 36 45 54 63 72 81
vectorB.dummies(10): 0 10 20 30 40 50 60 70 80 90
Success!
A99: readBClonesArrayDummyArray(): ---------- 
BClonesArray.dummies(10): 0 6 12 18 24 30 36 42 48 54
BClonesArray.dummies(10): 0 12 24 36 48 60 72 84 96 108
BClonesArray.dummies(10): 0 18 36 54 72 90 108 126 144 162
BClonesArray.dummies(10): 0 24 48 72 96 120 144 168 192 216
BClonesArray.dummies(10): 0 30 60 90 120 150 180 210 240 270
BClonesArray.dummies(10): 0 36 72 108 144 180 216 252 288 324
BClonesArray.dummies(10): 0 42 84 126 168 210 252 294 336 378
BClonesArray.dummies(10): 0 48 96 144 192 240 288 336 384 432
BClonesArray.dummies(10): 0 54 108 162 216 270 324 378 432 486
BClonesArray.dummies(10): 0 60 120 180 240 300 360 420 480 540
Success!
A101: readNum(): ---------------------------- 
Num: 14
Num: 14
Num: 14
Num: 14
Num: 14
Num: 14
Num: 14
Num: 14
Num: 14
Num: 14
Success!
A101: readBObject(): ------------------------ 
Dummy: 1
Dummy: 2
Dummy: 3
Dummy: 4
Dummy: 5
Dummy: 6
Dummy: 7
Dummy: 8
Dummy: 9
Dummy: 10
Success!
A101: readBStar(): -------------------------- 
Dummy: 2
Dummy: 4
Dummy: 6
Dummy: 8
Dummy: 10
Dummy: 12
Dummy: 14
Dummy: 16
Dummy: 18
Dummy: 20
Success!
A101: readVectorBValue(): ------------------- 
vectorB dummies: 0 1 2 3 4 5 6 7 8 9
vectorB dummies: 0 2 4 6 8 10 12 14 16 18
vectorB dummies: 0 3 6 9 12 15 18 21 24 27
vectorB dummies: 0 4 8 12 16 20 24 28 32 36
vectorB dummies: 0 5 10 15 20 25 30 35 40 45
vectorB dummies: 0 6 12 18 24 30 36 42 48 54
vectorB dummies: 0 7 14 21 28 35 42 49 56 63
vectorB dummies: 0 8 16 24 32 40 48 56 64 72
vectorB dummies: 0 9 18 27 36 45 54 63 72 81
vectorB dummies: 0 10 20 30 40 50 60 70 80 90
Success!
A101: readVectorStarBValue(): --------------- 
vectorB dummies(10): 0 2 4 6 8 10 12 14 16 18
vectorB dummies(10): 0 4 8 12 16 20 24 28 32 36
vectorB dummies(10): 0 6 12 18 24 30 36 42 48 54
vectorB dummies(10): 0 8 16 24 32 40 48 56 64 72
vectorB dummies(10): 0 10 20 30 40 50 60 70 80 90
vectorB dummies(10): 0 12 24 36 48 60 72 84 96 108
vectorB dummies(10): 0 14 28 42 56 70 84 98 112 126
vectorB dummies(10): 0 16 32 48 64 80 96 112 128 144
vectorB dummies(10): 0 18 36 54 72 90 108 126 144 162
vectorB dummies(10): 0 20 40 60 80 100 120 140 160 180
Success!
A101: readVectorStarBArray(): --------------- 
vectorB dummies(10): 0 2 4 6 8 10 12 14 16 18
vectorB dummies(10): 0 4 8 12 16 20 24 28 32 36
vectorB dummies(10): 0 6 12 18 24 30 36 42 48 54
vectorB dummies(10): 0 8 16 24 32 40 48 56 64 72
vectorB dummies(10): 0 10 20 30 40 50 60 70 80 90
vectorB dummies(10): 0 12 24 36 48 60 72 84 96 108
vectorB dummies(10): 0 14 28 42 56 70 84 98 112 126
vectorB dummies(10): 0 16 32 48 64 80 96 112 128 144
vectorB dummies(10): 0 18 36 54 72 90 108 126 144 162
vectorB dummies(10): 0 20 40 60 80 100 120 140 160 180
Success!
A101: readVectorBArray(): ------------------- 
vectorB dummies(10): 0 1 2 3 4 5 6 7 8 9
vectorB dummies(10): 0 2 4 6 8 10 12 14 16 18
vectorB dummies(10): 0 3 6 9 12 15 18 21 24 27
vectorB dummies(10): 0 4 8 12 16 20 24 28 32 36
vectorB dummies(10): 0 5 10 15 20 25 30 35 40 45
vectorB dummies(10): 0 6 12 18 24 30 36 42 48 54
vectorB dummies(10): 0 7 14 21 28 35 42 49 56 63
vectorB dummies(10): 0 8 16 24 32 40 48 56 64 72
vectorB dummies(10): 0 9 18 27 36 45 54 63 72 81
vectorB dummies(10): 0 10 20 30 40 50 60 70 80 90
Success!
A101: readBArray(): ------------------------- 
BArray dummies(12): 0 4 8 12 16 20 24 28 32 36
BArray dummies(12): 0 8 16 24 32 40 48 56 64 72
BArray dummies(12): 0 12 24 36 48 60 72 84 96 108
BArray dummies(12): 0 16 32 48 64 80 96 112 128 144
BArray dummies(12): 0 20 40 60 80 100 120 140 160 180
BArray dummies(12): 0 24 48 72 96 120 144 168 192 216
BArray dummies(12): 0 28 56 84 112 140 168 196 224 252
BArray dummies(12): 0 32 64 96 128 160 192 224 256 288
BArray dummies(12): 0 36 72 108 144 180 216 252 288 324
BArray dummies(12): 0 40 80 120 160 200 240 280 320 360
Success!
A101: readBStarArray(): --------------------- 
BStarArray dummies(14): 0 5 10 15 20 25 30 35 40 45 50 55 60 65
BStarArray dummies(14): 0 10 20 30 40 50 60 70 80 90 100 110 120 130
BStarArray dummies(14): 0 15 30 45 60 75 90 105 120 135 150 165 180 195
BStarArray dummies(14): 0 20 40 60 80 100 120 140 160 180 200 220 240 260
BStarArray dummies(14): 0 25 50 75 100 125 150 175 200 225 250 275 300 325
BStarArray dummies(14): 0 30 60 90 120 150 180 210 240 270 300 330 360 390
BStarArray dummies(14): 0 35 70 105 140 175 210 245 280 315 350 385 420 455
BStarArray dummies(14): 0 40 80 120 160 200 240 280 320 360 400 440 480 520
BStarArray dummies(14): 0 45 90 135 180 225 270 315 360 405 450 495 540 585
BStarArray dummies(14): 0 50 100 150 200 250 300 350 400 450 500 550 600 650
Success!
A101: readBClonesArrayValue(): -------------- 
BClonesArray dummies(10): 0 6 12 18 24 30 36 42 48 54
BClonesArray dummies(10): 0 12 24 36 48 60 72 84 96 108
BClonesArray dummies(10): 0 18 36 54 72 90 108 126 144 162
BClonesArray dummies(10): 0 24 48 72 96 120 144 168 192 216
BClonesArray dummies(10): 0 30 60 90 120 150 180 210 240 270
BClonesArray dummies(10): 0 36 72 108 144 180 216 252 288 324
BClonesArray dummies(10): 0 42 84 126 168 210 252 294 336 378
BClonesArray dummies(10): 0 48 96 144 192 240 288 336 384 432
BClonesArray dummies(10): 0 54 108 162 216 270 324 378 432 486
BClonesArray dummies(10): 0 60 120 180 240 300 360 420 480 540
Success!
A101: readBClonesArrayArray(): -------------- 
BClonesArray dummies(10): 0 6 12 18 24 30 36 42 48 54
BClonesArray dummies(10): 0 12 24 36 48 60 72 84 96 108
BClonesArray dummies(10): 0 18 36 54 72 90 108 126 144 162
BClonesArray dummies(10): 0 24 48 72 96 120 144 168 192 216
BClonesArray dummies(10): 0 30 60 90 120 150 180 210 240 270
BClonesArray dummies(10): 0 36 72 108 144 180 216 252 288 324
BClonesArray dummies(10): 0 42 84 126 168 210 252 294 336 378
BClonesArray dummies(10): 0 48 96 144 192 240 288 336 384 432
BClonesArray dummies(10): 0 54 108 162 216 270 324 378 432 486
